# 📈 WorldCupAI — Probability Distribution Report

**Generated**: 2026-06-28 21:05:03

---

## Step 10: Probability Sanity Check Results

✅ **No sanity flags triggered.** All predictions are within expected bounds.

---

## Full Probability Table (Round of 32)

| Match | Home Win% | Draw% | Away Win% | Favourite | Confidence |
|---|---|---|---|---|---|
| South Africa vs Canada | 52.2% | 38.2% | 9.6% | **Home** | 52.2% |
| Germany vs Paraguay | 75.1% | 22.1% | 2.7% | **Home** | 75.1% |
| Netherlands vs Morocco | 68.3% | 24.9% | 6.8% | **Home** | 68.3% |
| Brazil vs Japan | 67.8% | 26.4% | 5.7% | **Home** | 67.8% |
| France vs Sweden | 80.1% | 17.2% | 2.7% | **Home** | 80.1% |
| Ivory Coast vs Norway | 65.0% | 26.3% | 8.7% | **Home** | 65.0% |
| Mexico vs Ecuador | 59.6% | 31.6% | 8.8% | **Home** | 59.6% |
| England vs DR Congo | 87.7% | 10.3% | 2.0% | **Home** | 87.7% |
| United States vs Bosnia & Herzegovina | 83.9% | 13.7% | 2.4% | **Home** | 83.9% |
| Belgium vs Senegal | 44.2% | 22.2% | 33.5% | **Home** | 44.2% |
| Portugal vs Croatia | 61.8% | 30.5% | 7.8% | **Home** | 61.8% |
| Spain vs Austria | 78.9% | 17.1% | 4.1% | **Home** | 78.9% |
| Switzerland vs Algeria | 80.0% | 16.5% | 3.5% | **Home** | 80.0% |
| Argentina vs Cape Verde | 85.9% | 11.3% | 2.8% | **Home** | 85.9% |
| Colombia vs Ghana | 89.0% | 9.0% | 2.0% | **Home** | 89.0% |
| Australia vs Egypt | 67.1% | 26.8% | 6.1% | **Home** | 67.1% |
