# 🥇 WorldCupAI — FIFA World Cup 2026 Knockout Prediction Report

> Generated: 2026-06-29 17:59:11

---

## 1. Executive Summary

We predicted the complete official FIFA 2026 Knockout Stage from the Round of 32 through the Final using the production ensemble classifier from Phase 7.1.

- **🏆 Predicted Champion**: **France**
- **🥈 Predicted Runner-Up**: **Argentina**
- **🥉 Predicted Third Place**: **Spain**
- **🎖️ Predicted Fourth Place**: **Brazil**

---

## 2. Complete Knockout Bracket

| Match No | Round | Home Team | Away Team | Home Win % | Draw % | Away Win % | Predicted Winner |
|---|---|---|---|---|---|---|---|
| 73 | Round of 32 | South Africa | Canada | 28.29% | 28.48% | 43.23% | **Canada** |
| 74 | Round of 32 | Germany | Paraguay | 45.22% | 26.90% | 27.88% | **Germany** |
| 75 | Round of 32 | Netherlands | Morocco | 38.23% | 25.16% | 36.61% | **Netherlands** |
| 76 | Round of 32 | Brazil | Japan | 38.89% | 30.38% | 30.73% | **Brazil** |
| 77 | Round of 32 | France | Sweden | 47.89% | 31.16% | 20.94% | **France** |
| 78 | Round of 32 | Ivory Coast | Norway | 35.76% | 21.81% | 42.43% | **Norway** |
| 79 | Round of 32 | Mexico | Ecuador | 34.82% | 30.89% | 34.29% | **Mexico** |
| 80 | Round of 32 | England | DR Congo | 60.20% | 27.86% | 11.95% | **England** |
| 81 | Round of 32 | United States | Bosnia & Herzegovina | 49.63% | 28.31% | 22.07% | **United States** |
| 82 | Round of 32 | Belgium | Senegal | 26.55% | 29.79% | 43.66% | **Senegal** |
| 83 | Round of 32 | Portugal | Croatia | 36.02% | 32.19% | 31.80% | **Portugal** |
| 84 | Round of 32 | Spain | Austria | 44.31% | 40.71% | 14.98% | **Spain** |
| 85 | Round of 32 | Switzerland | Algeria | 44.01% | 23.79% | 32.20% | **Switzerland** |
| 86 | Round of 32 | Argentina | Cape Verde | 75.76% | 14.57% | 9.67% | **Argentina** |
| 87 | Round of 32 | Colombia | Ghana | 59.90% | 25.66% | 14.44% | **Colombia** |
| 88 | Round of 32 | Australia | Egypt | 38.10% | 31.25% | 30.65% | **Australia** |
| 89 | Round of 16 | Canada | Netherlands | 26.75% | 26.32% | 46.93% | **Netherlands** |
| 90 | Round of 16 | Germany | France | 30.42% | 32.63% | 36.94% | **France** |
| 91 | Round of 16 | Brazil | Norway | 40.74% | 33.59% | 25.67% | **Brazil** |
| 92 | Round of 16 | Mexico | England | 24.20% | 33.32% | 42.48% | **England** |
| 93 | Round of 16 | Portugal | Spain | 32.37% | 26.33% | 41.30% | **Spain** |
| 94 | Round of 16 | United States | Senegal | 37.83% | 25.04% | 37.13% | **United States** |
| 95 | Round of 16 | Argentina | Australia | 43.54% | 35.25% | 21.21% | **Argentina** |
| 96 | Round of 16 | Switzerland | Colombia | 35.62% | 23.03% | 41.35% | **Colombia** |
| 97 | Quarter-final | Netherlands | France | 31.86% | 31.55% | 36.59% | **France** |
| 98 | Quarter-final | Spain | United States | 48.48% | 33.10% | 18.42% | **Spain** |
| 99 | Quarter-final | Brazil | England | 38.92% | 27.07% | 34.01% | **Brazil** |
| 100 | Quarter-final | Argentina | Colombia | 33.97% | 32.91% | 33.13% | **Argentina** |
| 101 | Semi-final | France | Spain | 38.65% | 24.56% | 36.78% | **France** |
| 102 | Semi-final | Brazil | Argentina | 30.02% | 39.15% | 30.83% | **Argentina** |
| 103 | Third Place Play-off | Spain | Brazil | 38.46% | 27.82% | 33.73% | **Spain** |
| 104 | Final | France | Argentina | 35.20% | 31.12% | 33.68% | **France** |

---

## 3. Tournament Statistics

- **Average Prediction Confidence**: `43.21%`
- **Most Confident Match**: Match 86 — **Argentina** vs **Cape Verde** (Confidence: `75.76%`)
- **Least Confident Match**: Match 100 — **Argentina** vs **Colombia** (Confidence: `33.97%`)
- **Biggest Upset**: Match 101 — **France** vs **Spain** (Elo difference: `89.4`)
- **Closest Match**: Match 79 — **Mexico** vs **Ecuador** (Prob diff: `0.0053`)
