# 🥇 WorldCupAI — FIFA World Cup 2026 Knockout Prediction Report

> Generated: 2026-06-28 20:25:51

---

## 1. Executive Summary

We predicted the complete official FIFA 2026 Knockout Stage from the Round of 32 through the Final using the production ensemble classifier from Phase 7.1.

- **🏆 Predicted Champion**: **Ghana**
- **🥈 Predicted Runner-Up**: **Senegal**
- **🥉 Predicted Third Place**: **England**
- **🎖️ Predicted Fourth Place**: **Sweden**

---

## 2. Complete Knockout Bracket

| Match No | Round | Home Team | Away Team | Home Win % | Draw % | Away Win % | Predicted Winner |
|---|---|---|---|---|---|---|---|
| 73 | Round of 32 | South Africa | Canada | 14.14% | 20.55% | 65.31% | **Canada** |
| 74 | Round of 32 | Germany | Paraguay | 23.85% | 39.22% | 36.93% | **Paraguay** |
| 75 | Round of 32 | Netherlands | Morocco | 16.88% | 25.02% | 58.10% | **Morocco** |
| 76 | Round of 32 | Brazil | Japan | 17.30% | 28.62% | 54.09% | **Japan** |
| 77 | Round of 32 | France | Sweden | 17.74% | 33.04% | 49.22% | **Sweden** |
| 78 | Round of 32 | Ivory Coast | Norway | 26.34% | 17.93% | 55.74% | **Norway** |
| 79 | Round of 32 | Mexico | Ecuador | 13.50% | 29.02% | 57.48% | **Ecuador** |
| 80 | Round of 32 | England | DR Congo | 34.47% | 31.55% | 33.98% | **England** |
| 81 | Round of 32 | United States | Bosnia & Herzegovina | 32.80% | 33.10% | 34.10% | **Bosnia & Herzegovina** |
| 82 | Round of 32 | Belgium | Senegal | 18.31% | 20.41% | 61.27% | **Senegal** |
| 83 | Round of 32 | Portugal | Croatia | 17.49% | 26.22% | 56.29% | **Croatia** |
| 84 | Round of 32 | Spain | Austria | 16.24% | 25.98% | 57.78% | **Austria** |
| 85 | Round of 32 | Switzerland | Algeria | 25.57% | 26.91% | 47.52% | **Algeria** |
| 86 | Round of 32 | Argentina | Cape Verde | 30.05% | 39.93% | 30.03% | **Cape Verde** |
| 87 | Round of 32 | Colombia | Ghana | 32.16% | 31.52% | 36.32% | **Ghana** |
| 88 | Round of 32 | Australia | Egypt | 14.74% | 23.20% | 62.05% | **Egypt** |
| 89 | Round of 16 | Canada | Morocco | 5.22% | 14.00% | 80.78% | **Morocco** |
| 90 | Round of 16 | Paraguay | Sweden | 9.85% | 14.65% | 75.50% | **Sweden** |
| 91 | Round of 16 | Japan | Norway | 14.71% | 20.18% | 65.10% | **Norway** |
| 92 | Round of 16 | Ecuador | England | 5.02% | 16.19% | 78.79% | **England** |
| 93 | Round of 16 | Croatia | Austria | 20.20% | 23.68% | 56.12% | **Austria** |
| 94 | Round of 16 | Bosnia & Herzegovina | Senegal | 4.95% | 14.61% | 80.44% | **Senegal** |
| 95 | Round of 16 | Cape Verde | Egypt | 6.67% | 17.55% | 75.78% | **Egypt** |
| 96 | Round of 16 | Algeria | Ghana | 14.85% | 26.96% | 58.18% | **Ghana** |
| 97 | Quarter-final | Morocco | Sweden | 25.20% | 24.72% | 50.09% | **Sweden** |
| 98 | Quarter-final | Austria | Senegal | 14.57% | 16.83% | 68.59% | **Senegal** |
| 99 | Quarter-final | Norway | England | 5.25% | 18.81% | 75.94% | **England** |
| 100 | Quarter-final | Egypt | Ghana | 14.91% | 27.79% | 57.30% | **Ghana** |
| 101 | Semi-final | Sweden | Senegal | 10.32% | 11.78% | 77.90% | **Senegal** |
| 102 | Semi-final | England | Ghana | 32.13% | 32.42% | 35.45% | **Ghana** |
| 103 | Third Place Play-off | Sweden | England | 6.85% | 16.24% | 76.90% | **England** |
| 104 | Final | Senegal | Ghana | 16.55% | 31.74% | 51.71% | **Ghana** |

---

## 3. Tournament Statistics

- **Average Prediction Confidence**: `58.55%`
- **Most Confident Match**: Match 89 — **Canada** vs **Morocco** (Confidence: `80.78%`)
- **Least Confident Match**: Match 81 — **United States** vs **Bosnia & Herzegovina** (Confidence: `34.10%`)
- **Biggest Upset**: Match 81 — **United States** vs **Bosnia & Herzegovina** (Elo difference: `0.0`)
- **Closest Match**: Match 86 — **Argentina** vs **Cape Verde** (Prob diff: `0.0002`)
