match_id,true_label,predicted_label,prob_away_win,prob_draw,prob_home_win
16879,2,2,0.036551,0.067603,0.895846
16880,0,0,0.446071,0.270017,0.283912
16881,2,2,0.146157,0.233161,0.620682
16882,2,2,0.115276,0.266306,0.618418
16883,1,2,0.282243,0.304873,0.412884
16884,0,0,0.822896,0.082256,0.094848
16885,1,2,0.290839,0.302322,0.40684
16886,2,2,0.066516,0.380392,0.553092
16887,0,0,0.521027,0.295205,0.183768
16888,2,1,0.240827,0.408398,0.350775
16889,1,0,0.402438,0.385659,0.211903
16890,2,2,0.237132,0.172083,0.590786
16891,2,2,0.037807,0.179891,0.782301
16892,2,2,0.158469,0.29166,0.549871
16893,2,2,0.14619,0.281275,0.572536
16894,0,0,0.46315,0.335497,0.201353
16895,0,1,0.427029,0.441686,0.131285
16896,2,2,0.115069,0.262271,0.62266
16897,0,0,0.555239,0.259635,0.185125
16898,2,2,0.048677,0.098174,0.853149
16899,2,2,0.024785,0.151987,0.823229
16900,0,2,0.355324,0.289035,0.355641
16901,1,2,0.218911,0.351354,0.429735
16902,1,2,0.03368,0.23438,0.73194
16903,1,2,0.045634,0.418972,0.535394
16904,2,2,0.221482,0.291151,0.487366
16905,0,0,0.498853,0.3155,0.185647
16906,2,2,0.20399,0.272585,0.523425
16907,2,2,0.182504,0.39037,0.427126
16908,0,2,0.326957,0.28193,0.391113
16909,1,2,0.349735,0.299127,0.351138
16910,1,2,0.321615,0.279034,0.399351
16911,1,2,0.293567,0.274124,0.432309
16912,0,2,0.149524,0.276802,0.573674
16913,2,2,0.212604,0.237391,0.550004
16914,2,2,0.171602,0.330161,0.498237
16915,2,2,0.203158,0.247137,0.549706
16916,0,2,0.091904,0.282025,0.626071
16917,1,2,0.106489,0.419045,0.474466
16918,1,2,0.09265,0.244372,0.662978
16919,1,0,0.689038,0.206695,0.104267
16920,2,2,0.273792,0.35543,0.370778
16921,0,2,0.136423,0.266506,0.597071
16922,0,2,0.314649,0.297781,0.38757
16923,2,2,0.154522,0.233072,0.612406
16924,2,1,0.083255,0.458834,0.457911
16925,2,2,0.214574,0.30785,0.477575
16926,2,2,0.172058,0.227008,0.600934
16927,2,2,0.055689,0.107241,0.83707
16928,1,2,0.158939,0.174106,0.666955
16929,1,2,0.10584,0.221489,0.672671
16930,0,2,0.249027,0.305932,0.445041
16931,0,0,0.941254,0.035685,0.023061
16932,0,0,0.552759,0.236353,0.210888
16933,2,2,0.127216,0.186086,0.686698
16934,0,2,0.337396,0.289178,0.373427
16935,0,0,0.628323,0.280606,0.091071
16936,2,2,0.032459,0.06029,0.907251
16937,0,2,0.17135,0.237046,0.591604
16938,1,2,0.241438,0.211914,0.546648
16939,0,0,0.398923,0.265353,0.335724
16940,1,2,0.089901,0.162289,0.747811
16941,2,2,0.01521,0.021609,0.963181
16942,2,2,0.043131,0.102401,0.854467
16943,2,2,0.063173,0.171777,0.76505
16944,2,1,0.379726,0.409732,0.210542
16945,0,0,0.60206,0.172159,0.225781
16946,2,2,0.071292,0.158617,0.770091
16947,1,2,0.176976,0.299444,0.52358
16948,1,2,0.264166,0.264579,0.471255
16949,2,2,0.05061,0.101244,0.848146
16950,1,2,0.165311,0.303172,0.531517
16951,2,2,0.180532,0.257252,0.562215
16952,2,2,0.105168,0.24211,0.652722
16953,2,2,0.027246,0.039805,0.932948
16954,0,2,0.085466,0.114235,0.800299
16955,2,2,0.103117,0.229599,0.667284
16956,0,2,0.129436,0.26317,0.607394
16957,0,0,0.439473,0.302603,0.257924
16958,1,2,0.289927,0.305839,0.404234
16959,1,2,0.062193,0.139593,0.798214
16960,2,2,0.041189,0.100972,0.857839
16961,2,2,0.209863,0.311877,0.478259
16962,2,2,0.308434,0.326989,0.364576
16963,0,0,0.6246,0.243125,0.132276
16964,0,2,0.23468,0.332215,0.433105
16965,0,0,0.944261,0.031387,0.024352
16966,0,0,0.701076,0.182478,0.116446
16967,2,2,0.198914,0.313503,0.487583
16968,2,2,0.057835,0.132351,0.809814
16969,0,2,0.372904,0.228361,0.398735
16970,2,2,0.018512,0.02868,0.952808
16971,2,2,0.162605,0.236511,0.600883
16972,2,2,0.037393,0.112047,0.85056
16973,0,0,0.788109,0.147129,0.064762
16974,1,2,0.303349,0.322606,0.374045
16975,2,2,0.086368,0.210864,0.702768
16976,2,2,0.065385,0.267295,0.66732
16977,2,2,0.236936,0.2916,0.471464
16978,2,2,0.056078,0.120842,0.82308
16979,0,2,0.338517,0.273218,0.388265
16980,2,2,0.289445,0.29431,0.416245
16981,0,2,0.063051,0.114057,0.822892
16982,0,0,0.368952,0.327568,0.30348
16983,1,0,0.364114,0.294485,0.3414
16984,2,2,0.041226,0.217704,0.74107
16985,1,2,0.06901,0.187616,0.743373
16986,2,2,0.062013,0.242394,0.695593
16987,2,2,0.043679,0.128828,0.827493
16988,2,2,0.0732,0.163678,0.763122
16989,2,2,0.072905,0.330334,0.596761
16990,1,2,0.050124,0.073056,0.87682
16991,2,0,0.521571,0.248886,0.229542
16992,0,0,0.424676,0.190129,0.385195
16993,0,0,0.529987,0.313915,0.156097
16994,1,2,0.160664,0.15569,0.683646
16995,0,0,0.537522,0.238267,0.224211
16996,2,0,0.411363,0.234724,0.353913
16997,0,0,0.572625,0.242134,0.185241
16998,0,2,0.270262,0.274627,0.455111
16999,0,1,0.340489,0.365909,0.293602
17000,2,2,0.304756,0.217736,0.477508
17001,1,2,0.092156,0.225271,0.682573
17002,2,2,0.073662,0.152613,0.773725
17003,2,2,0.043443,0.096108,0.860449
17004,2,2,0.247524,0.213032,0.539444
17005,0,0,0.841817,0.104696,0.053486
17006,0,2,0.1809,0.244806,0.574294
17007,1,2,0.106839,0.214761,0.6784
17008,0,0,0.473024,0.194437,0.332539
17009,0,0,0.520822,0.286504,0.192674
17010,2,2,0.118348,0.241529,0.640124
17011,2,2,0.068064,0.160578,0.771358
17012,2,2,0.153329,0.220147,0.626524
17013,1,0,0.796152,0.124089,0.079759
17014,0,0,0.74172,0.118125,0.140155
17015,2,2,0.245729,0.33436,0.419911
17016,0,2,0.272302,0.306529,0.421169
17017,2,2,0.264999,0.226974,0.508028
17018,0,2,0.105623,0.246362,0.648014
17019,1,2,0.054996,0.159099,0.785906
17020,2,2,0.048786,0.111718,0.839497
17021,0,0,0.881646,0.081452,0.036902
17022,2,0,0.842306,0.097173,0.060521
17023,2,2,0.08921,0.158759,0.752031
17024,0,0,0.635465,0.259154,0.105381
17025,2,2,0.232339,0.305834,0.461827
17026,2,2,0.205385,0.316972,0.477643
17027,0,0,0.407364,0.29947,0.293166
17028,0,1,0.206002,0.397885,0.396112
17029,2,2,0.016871,0.019668,0.963461
17030,0,0,0.792676,0.146801,0.060523
17031,0,0,0.939471,0.037919,0.02261
17032,2,2,0.052591,0.144464,0.802945
17033,2,2,0.036451,0.112715,0.850835
17034,2,2,0.030229,0.05691,0.912861
17035,2,2,0.079741,0.172817,0.747442
17036,0,0,0.5391,0.298138,0.162762
17037,1,2,0.197222,0.265274,0.537504
17038,1,2,0.125999,0.189068,0.684933
17039,2,2,0.102481,0.187528,0.709991
17040,2,2,0.370616,0.182286,0.447098
17041,1,0,0.853641,0.100161,0.046198
17042,2,2,0.052,0.129558,0.818442
17043,2,2,0.036768,0.086629,0.876603
17044,2,2,0.183419,0.303108,0.513472
17045,0,0,0.800435,0.145372,0.054193
17046,1,2,0.036879,0.076573,0.886548
17047,0,0,0.519194,0.302773,0.178032
17048,2,2,0.014899,0.017423,0.967678
17049,2,2,0.080776,0.193709,0.725515
17050,2,2,0.075383,0.193627,0.730989
17051,0,0,0.64604,0.18109,0.17287
17052,2,2,0.239989,0.320839,0.439172
17053,0,0,0.650673,0.227399,0.121928
17054,2,2,0.070003,0.369387,0.56061
17055,1,0,0.357196,0.306492,0.336312
17056,2,0,0.427623,0.299454,0.272923
17057,0,0,0.761168,0.170498,0.068334
17058,2,2,0.023213,0.052557,0.92423
17059,1,0,0.353792,0.325849,0.320359
17060,0,0,0.608438,0.269642,0.12192
17061,1,0,0.406984,0.278296,0.31472
17062,0,0,0.600195,0.256752,0.143052
17063,0,0,0.589602,0.290315,0.120083
17064,0,0,0.686919,0.203893,0.109188
17065,2,0,0.411542,0.407156,0.181302
17066,2,1,0.08113,0.504589,0.41428
17067,0,0,0.501036,0.277086,0.221878
17068,0,2,0.111977,0.235164,0.652859
17069,1,2,0.033499,0.071139,0.895362
17070,2,2,0.061559,0.179219,0.759222
17071,2,2,0.072579,0.183722,0.743699
17072,2,2,0.10655,0.263702,0.629747
17073,2,2,0.02608,0.138776,0.835144
17074,1,2,0.036,0.204621,0.759378
17075,0,2,0.158928,0.206147,0.634925
17076,0,2,0.276492,0.32015,0.403357
17077,0,0,0.469066,0.250953,0.27998
17078,0,2,0.19459,0.208887,0.596523
17079,0,0,0.429122,0.321495,0.249383
17080,0,0,0.444163,0.23375,0.322087
17081,0,2,0.235494,0.316536,0.447969
17082,0,0,0.406269,0.282181,0.31155
17083,2,2,0.089484,0.143727,0.766789
17084,1,2,0.128464,0.263368,0.608168
17085,2,2,0.038536,0.107435,0.854028
17086,0,2,0.205415,0.292098,0.502487
17087,2,1,0.126279,0.538495,0.335226
17088,2,2,0.240774,0.30374,0.455486
17089,1,2,0.108877,0.204351,0.686772
17090,0,2,0.269492,0.316573,0.413936
17091,2,2,0.174783,0.279642,0.545575
17092,2,2,0.019474,0.071594,0.908932
17093,1,2,0.073164,0.324997,0.601839
17094,2,2,0.140976,0.213038,0.645986
17095,0,2,0.167419,0.2597,0.572881
17096,1,2,0.067676,0.244688,0.687637
17097,0,0,0.788738,0.151371,0.05989
17098,2,2,0.124236,0.288245,0.587519
17099,2,2,0.158583,0.266971,0.574446
17100,1,2,0.059547,0.124464,0.815989
17101,1,0,0.418704,0.333851,0.247445
17102,1,0,0.359764,0.296672,0.343564
17103,2,2,0.142423,0.239741,0.617835
17104,1,2,0.239398,0.301339,0.459263
17105,2,2,0.047539,0.114527,0.837934
17106,0,2,0.113048,0.166631,0.720321
17107,1,0,0.43205,0.355674,0.212276
17108,2,2,0.038357,0.093046,0.868597
17109,2,2,0.122919,0.156149,0.720933
17110,1,2,0.051986,0.234263,0.713752
17111,2,2,0.235974,0.233328,0.530697
17112,2,2,0.028969,0.042551,0.92848
17113,0,0,0.633817,0.224654,0.141529
17114,1,2,0.133128,0.27301,0.593861
17115,1,2,0.169885,0.344481,0.485634
17116,2,2,0.010473,0.020006,0.969521
17117,1,0,0.73469,0.170332,0.094978
17118,0,0,0.733301,0.157762,0.108937
17119,1,2,0.029232,0.168204,0.802564
17120,0,0,0.75196,0.177647,0.070393
17121,2,2,0.047887,0.073301,0.878812
17122,0,2,0.187572,0.218769,0.593659
17123,2,2,0.03506,0.120524,0.844415
17124,0,0,0.737145,0.177567,0.085288
17125,0,2,0.185214,0.240936,0.57385
17126,2,0,0.377882,0.255994,0.366124
17127,1,2,0.23676,0.329059,0.434182
17128,2,2,0.210286,0.217556,0.572158
17129,2,2,0.060126,0.248695,0.691179
17130,1,2,0.308233,0.291988,0.399778
17131,2,2,0.023381,0.033674,0.942945
17132,2,2,0.055028,0.12632,0.818652
17133,0,0,0.719786,0.197474,0.082739
17134,2,2,0.067883,0.186011,0.746107
17135,2,2,0.11641,0.234248,0.649342
17136,2,2,0.078988,0.309408,0.611604
17137,0,1,0.348476,0.465953,0.185571
17138,0,2,0.311402,0.2856,0.402998
17139,2,2,0.039246,0.164752,0.796001
17140,0,0,0.555933,0.259362,0.184705
17141,0,0,0.721891,0.194763,0.083346
17142,2,2,0.209828,0.33177,0.458402
17143,0,2,0.071013,0.170479,0.758508
17144,0,0,0.953435,0.026688,0.019877
17145,0,0,0.898838,0.062408,0.038754
17146,0,0,0.477133,0.289406,0.233461
17147,2,2,0.058525,0.168447,0.773028
17148,0,0,0.824525,0.109991,0.065484
17149,0,0,0.674612,0.187956,0.137431
17150,1,0,0.50287,0.212793,0.284337
17151,0,0,0.811716,0.127437,0.060846
17152,2,2,0.195198,0.225568,0.579234
17153,0,0,0.593665,0.246726,0.159609
17154,1,2,0.374603,0.2385,0.386897
17155,2,2,0.284171,0.291374,0.424455
17156,2,2,0.030029,0.067632,0.902339
17157,0,0,0.940594,0.035251,0.024155
17158,2,2,0.271476,0.261314,0.46721
17159,1,2,0.320771,0.244332,0.434897
17160,0,0,0.541347,0.250315,0.208338
17161,2,2,0.131402,0.238779,0.629819
17162,2,2,0.078958,0.158421,0.762621
17163,2,2,0.028733,0.116205,0.855061
17164,0,2,0.251644,0.307822,0.440534
17165,2,0,0.461006,0.315448,0.223546
17166,2,2,0.03747,0.210955,0.751575
17167,1,2,0.289371,0.238365,0.472264
17168,2,2,0.381932,0.217778,0.40029
17169,2,2,0.056577,0.132641,0.810782
17170,1,0,0.463512,0.292533,0.243955
17171,0,0,0.770628,0.14713,0.082242
17172,2,0,0.46569,0.273924,0.260386
17173,2,0,0.457807,0.274483,0.26771
17174,0,0,0.675127,0.213454,0.111419
17175,2,0,0.476601,0.308239,0.21516
17176,2,0,0.390515,0.250602,0.358883
17177,1,0,0.617937,0.250717,0.131346
17178,2,2,0.06298,0.16549,0.77153
17179,0,2,0.233043,0.171368,0.595589
17180,0,0,0.39859,0.287164,0.314246
17181,0,0,0.484035,0.256661,0.259304
17182,1,0,0.482273,0.295006,0.222721
17183,2,2,0.020081,0.099508,0.880411
17184,2,2,0.060468,0.125392,0.814141
17185,0,0,0.789596,0.111211,0.099193
17186,2,2,0.022714,0.099146,0.87814
17187,1,2,0.353736,0.248866,0.397399
17188,0,2,0.266252,0.283417,0.45033
17189,2,2,0.374765,0.176332,0.448903
17190,2,2,0.06289,0.111553,0.825557
17191,1,2,0.232323,0.331531,0.436145
17192,1,2,0.126452,0.241003,0.632545
17193,1,0,0.51687,0.264764,0.218366
17194,0,0,0.758115,0.156602,0.085283
17195,0,0,0.76449,0.164545,0.070964
17196,0,0,0.754552,0.173503,0.071945
17197,2,2,0.30906,0.205321,0.485619
17198,0,1,0.232795,0.399239,0.367966
17199,0,2,0.284895,0.323528,0.391578
17200,0,0,0.547943,0.279517,0.17254
17201,0,0,0.740477,0.178573,0.08095
17202,1,0,0.601055,0.253399,0.145547
17203,2,2,0.151609,0.224945,0.623445
17204,2,2,0.085337,0.159092,0.755572
17205,0,2,0.196395,0.297698,0.505908
17206,1,2,0.244248,0.333492,0.42226
17207,0,0,0.762433,0.175434,0.062133
17208,2,2,0.023831,0.033761,0.942408
17209,0,0,0.768419,0.174573,0.057008
17210,2,0,0.761691,0.147292,0.091018
17211,1,2,0.072296,0.380961,0.546743
17212,2,2,0.101561,0.273561,0.624878
17213,2,2,0.046564,0.147418,0.806018
17214,2,2,0.027165,0.045533,0.927303
17215,1,2,0.061672,0.175081,0.763247
17216,2,2,0.073108,0.233811,0.693081
17217,2,2,0.024464,0.040828,0.934708
17218,2,2,0.275608,0.346252,0.378139
17219,2,2,0.098069,0.230768,0.671164
17220,0,0,0.726028,0.186947,0.087025
17221,1,0,0.475506,0.282685,0.241809
17222,2,2,0.044509,0.090648,0.864843
17223,2,2,0.014691,0.017658,0.967651
17224,0,2,0.216417,0.279621,0.503962
17225,0,0,0.499028,0.239384,0.261588
17226,0,0,0.942909,0.035787,0.021304
17227,0,2,0.352844,0.275872,0.371284
17228,2,2,0.010479,0.023963,0.965558
17229,0,2,0.142005,0.180748,0.677247
17230,0,0,0.582802,0.25936,0.157837
17231,0,0,0.546835,0.273736,0.179429
17232,2,0,0.842005,0.09387,0.064124
17233,2,2,0.247303,0.289233,0.463464
17234,0,0,0.828352,0.115658,0.055989
17235,2,2,0.027934,0.052991,0.919075
17236,1,0,0.568699,0.256431,0.17487
17237,0,0,0.455498,0.283257,0.261245
17238,0,2,0.109204,0.154829,0.735966
17239,0,0,0.899054,0.049121,0.051825
17240,2,2,0.074648,0.295649,0.629703
17241,1,2,0.077049,0.371257,0.551694
17242,2,2,0.035175,0.079054,0.885771
17243,0,0,0.603457,0.270437,0.126106
17244,2,2,0.105952,0.195758,0.69829
17245,0,1,0.142653,0.480656,0.376691
17246,2,2,0.230789,0.326333,0.442878
17247,0,0,0.525364,0.296978,0.177658
17248,2,0,0.556325,0.210339,0.233335
17249,2,2,0.345498,0.252583,0.40192
17250,1,0,0.539555,0.234135,0.22631
17251,1,2,0.132424,0.284586,0.58299
17252,1,0,0.375485,0.27638,0.348135
17253,2,2,0.172114,0.313674,0.514212
17254,0,0,0.41406,0.326087,0.259854
17255,0,2,0.251526,0.299315,0.449159
17256,1,2,0.05413,0.311237,0.634632
17257,1,2,0.070319,0.130631,0.79905
17258,2,2,0.103956,0.235075,0.660969
17259,2,2,0.044865,0.253109,0.702027
17260,2,2,0.019255,0.03597,0.944774
17261,2,2,0.102848,0.15436,0.742792
17262,2,2,0.058151,0.119921,0.821928
17263,2,2,0.014317,0.058463,0.92722
17264,2,2,0.234517,0.171037,0.594446
17265,2,2,0.192356,0.158672,0.648972
17266,0,0,0.833808,0.099815,0.066377
17267,2,2,0.042298,0.141666,0.816036
17268,1,2,0.049343,0.174693,0.775964
17269,0,0,0.8012,0.114116,0.084685
17270,2,0,0.629961,0.234938,0.1351
17271,2,2,0.023359,0.147365,0.829276
17272,2,2,0.030038,0.213918,0.756044
17273,2,2,0.071308,0.314582,0.61411
17274,0,2,0.289642,0.210801,0.499557
17275,0,0,0.488612,0.365449,0.145939
17276,2,2,0.088362,0.290237,0.621401
17277,1,2,0.269059,0.316742,0.414199
17278,1,2,0.27633,0.197291,0.526379
17279,2,2,0.023405,0.129296,0.8473
17280,2,2,0.044408,0.277648,0.677944
17281,2,2,0.023413,0.040726,0.935862
17282,0,0,0.668289,0.169974,0.161737
17283,2,2,0.277739,0.276119,0.446142
17284,1,2,0.330601,0.324119,0.345279
17285,0,0,0.723041,0.217395,0.059564
17286,2,2,0.27563,0.218863,0.505508
17287,0,0,0.595176,0.204102,0.200722
17288,1,0,0.790728,0.14105,0.068223
17289,2,2,0.2141,0.233154,0.552746
17290,0,0,0.388226,0.298617,0.313157
17291,2,0,0.454964,0.17908,0.365956
17292,1,2,0.201734,0.339309,0.458957
17293,1,0,0.742535,0.195885,0.06158
17294,2,2,0.24109,0.178029,0.580881
17295,2,2,0.03831,0.110478,0.851213
17296,2,2,0.018703,0.067731,0.913566
17297,2,2,0.069088,0.241293,0.689618
17298,0,0,0.533351,0.25619,0.210459
17299,2,2,0.013574,0.064112,0.922314
17300,1,0,0.437814,0.381806,0.18038
17301,1,2,0.263127,0.285069,0.451804
17302,2,2,0.260794,0.224079,0.515127
17303,0,2,0.364513,0.239216,0.396271
17304,0,0,0.694479,0.193381,0.112141
17305,1,2,0.068969,0.195133,0.735898
17306,0,0,0.751278,0.165069,0.083653
17307,0,0,0.511444,0.279862,0.208694
17308,0,0,0.612525,0.250645,0.13683
17309,1,0,0.684368,0.224545,0.091087
17310,2,2,0.064226,0.126909,0.808865
17311,0,2,0.317753,0.338061,0.344186
17312,2,2,0.029286,0.300809,0.669904
17313,2,2,0.075089,0.324636,0.600275
17314,2,0,0.433422,0.184041,0.382537
17315,2,2,0.186726,0.200714,0.61256
17316,2,2,0.081386,0.094743,0.823871
17317,2,2,0.025657,0.159568,0.814775
17318,2,0,0.477148,0.165291,0.357561
17319,0,0,0.49581,0.20993,0.29426
17320,2,2,0.192177,0.158473,0.649351
17321,1,2,0.084451,0.201503,0.714045
17322,0,0,0.728395,0.200248,0.071357
17323,2,2,0.221561,0.154949,0.62349
17324,1,2,0.369412,0.199072,0.431517
17325,2,2,0.311122,0.149872,0.539006
17326,0,2,0.40445,0.112806,0.482744
17327,2,2,0.339478,0.205026,0.455496
17328,0,0,0.503071,0.217024,0.279905
17329,2,0,0.655792,0.164801,0.179407
17330,2,0,0.37844,0.246852,0.374708
17331,2,2,0.331739,0.253651,0.41461
17332,0,2,0.250737,0.236937,0.512326
17333,0,0,0.450805,0.32148,0.227715
17334,2,2,0.063582,0.277356,0.659062
17335,2,2,0.038742,0.094697,0.866561
17336,0,0,0.625552,0.146642,0.227805
17337,1,1,0.375883,0.451256,0.172861
17338,0,0,0.404147,0.198665,0.397187
17339,0,0,0.804294,0.126728,0.068978
17340,0,2,0.26535,0.244649,0.490002
17341,0,0,0.380875,0.244201,0.374925
17342,0,2,0.277501,0.185822,0.536677
17343,0,0,0.51303,0.153897,0.333073
17344,0,0,0.471732,0.14559,0.382678
17345,2,0,0.392395,0.296217,0.311388
17346,1,2,0.093117,0.256093,0.65079
17347,0,0,0.637633,0.282121,0.080246
17348,0,0,0.784096,0.151571,0.064333
17349,0,0,0.570047,0.201062,0.228892
17350,2,0,0.4107,0.208919,0.38038
17351,2,2,0.291437,0.112567,0.595996
17352,1,2,0.285716,0.210152,0.504132
17353,2,0,0.466922,0.153578,0.3795
17354,2,0,0.606712,0.148807,0.244481
17355,0,0,0.474138,0.19263,0.333232
17356,1,0,0.435424,0.295591,0.268985
17357,0,2,0.109752,0.249967,0.64028
17358,0,0,0.464768,0.253182,0.28205
17359,2,2,0.032858,0.25986,0.707282
17360,1,2,0.068006,0.172602,0.759391
17361,2,2,0.200525,0.143281,0.656194
17362,0,0,0.801098,0.137713,0.06119
17363,2,2,0.068466,0.277053,0.654481
17364,2,2,0.370263,0.154264,0.475473
17365,2,0,0.523711,0.126397,0.349892
17366,2,2,0.172256,0.166555,0.661189
17367,0,2,0.337845,0.138635,0.52352
17368,2,2,0.198263,0.155537,0.6462
17369,1,0,0.547262,0.180611,0.272126
17370,2,2,0.058079,0.089129,0.852792
17371,1,2,0.333174,0.309077,0.357749
17372,1,2,0.089214,0.179785,0.731001
17373,0,0,0.452306,0.289347,0.258346
17374,2,0,0.455418,0.237358,0.307224
17375,2,2,0.079714,0.207145,0.713141
17376,1,0,0.527605,0.238792,0.233603
17377,2,0,0.418939,0.298773,0.282287
17378,2,2,0.11517,0.279204,0.605626
17379,2,2,0.101762,0.19229,0.705949
17380,2,2,0.173789,0.245166,0.581045
17381,0,0,0.516785,0.254454,0.228762
17382,1,1,0.117222,0.580321,0.302457
17383,1,0,0.370501,0.347361,0.282138
17384,2,2,0.281593,0.312877,0.40553
17385,2,2,0.147358,0.268075,0.584567
17386,2,2,0.120745,0.218334,0.660921
17387,1,0,0.37838,0.309644,0.311976
17388,1,0,0.623258,0.1977,0.179043
17389,0,2,0.244442,0.242441,0.513117
17390,1,2,0.29544,0.274081,0.430479
17391,1,2,0.053534,0.141827,0.804639
17392,2,2,0.053401,0.117042,0.829557
17393,2,2,0.080433,0.220543,0.699023
17394,2,2,0.045237,0.220687,0.734075
17395,1,2,0.156771,0.205208,0.63802
17396,2,2,0.086673,0.1646,0.748727
17397,1,2,0.103083,0.204163,0.692753
17398,1,0,0.509137,0.294084,0.196779
17399,0,0,0.474836,0.281161,0.244004
17400,2,2,0.017865,0.02224,0.959895
17401,2,2,0.106322,0.198909,0.694769
17402,1,2,0.241244,0.171377,0.58738
17403,2,2,0.146323,0.316965,0.536712
17404,2,2,0.02366,0.025721,0.950619
17405,0,2,0.083746,0.308465,0.607788
17406,0,2,0.157862,0.277975,0.564164
17407,2,2,0.05889,0.151483,0.789627
17408,2,2,0.05322,0.178937,0.767843
17409,2,2,0.128031,0.179985,0.691984
17410,2,2,0.244516,0.290379,0.465105
17411,0,0,0.419769,0.218283,0.361949
17412,0,2,0.157239,0.215542,0.627219
17413,0,0,0.385019,0.24131,0.373671
17414,1,2,0.357391,0.195932,0.446677
17415,1,2,0.232023,0.324125,0.443853
17416,2,2,0.188552,0.250644,0.560804
17417,1,2,0.020834,0.025049,0.954117
17418,0,0,0.467513,0.36523,0.167257
17419,1,0,0.363113,0.328022,0.308866
17420,0,0,0.614726,0.264265,0.121008
17421,1,0,0.410168,0.348849,0.240983
17422,0,2,0.083845,0.144071,0.772084
17423,2,2,0.19379,0.300246,0.505964
17424,2,2,0.031637,0.091906,0.876458
17425,0,0,0.58356,0.244309,0.17213
17426,2,2,0.021278,0.021217,0.957505
17427,0,0,0.698122,0.175249,0.126628
17428,0,0,0.396505,0.295512,0.307983
17429,0,0,0.622423,0.213346,0.164231
17430,1,2,0.0575,0.145896,0.796604
17431,2,2,0.019531,0.031767,0.948702
17432,1,2,0.088475,0.086364,0.825161
17433,2,2,0.299273,0.316766,0.383961
17434,1,2,0.140531,0.230649,0.62882
17435,2,2,0.023616,0.044327,0.932057
17436,2,2,0.066785,0.306606,0.626609
17437,2,2,0.159699,0.2809,0.559401
17438,0,2,0.223535,0.238376,0.53809
17439,1,2,0.302969,0.221726,0.475305
17440,2,2,0.138717,0.238368,0.622915
17441,1,0,0.467923,0.354971,0.177106
17442,0,2,0.170164,0.216224,0.613612
17443,1,2,0.241942,0.266601,0.491457
17444,0,2,0.197576,0.27109,0.531334
17445,1,0,0.360958,0.285942,0.3531
17446,2,2,0.080619,0.194186,0.725195
17447,2,2,0.038682,0.189993,0.771325
17448,1,0,0.435308,0.27554,0.289152
17449,2,2,0.079983,0.170298,0.749719
17450,1,2,0.122256,0.269444,0.6083
17451,1,0,0.498898,0.335961,0.16514
17452,1,0,0.612423,0.257806,0.129771
17453,0,0,0.570499,0.290563,0.138939
17454,0,0,0.86063,0.098944,0.040426
17455,1,0,0.634839,0.235356,0.129805
17456,1,0,0.755363,0.176659,0.067978
17457,2,2,0.275986,0.288114,0.4359
17458,1,0,0.370977,0.311063,0.31796
17459,2,2,0.055339,0.066494,0.878167
17460,0,0,0.544515,0.195793,0.259692
17461,2,2,0.326731,0.217884,0.455385
17462,1,2,0.138935,0.245827,0.615238
17463,0,2,0.205453,0.263637,0.53091
17464,1,0,0.630658,0.24607,0.123272
17465,1,2,0.072487,0.203861,0.723652
17466,2,2,0.110767,0.145841,0.743392
17467,0,2,0.245354,0.315966,0.43868
17468,1,0,0.776926,0.131709,0.091365
17469,1,0,0.469738,0.28822,0.242042
17470,2,2,0.062207,0.246956,0.690837
17471,0,0,0.927353,0.044467,0.028181
17472,2,2,0.291417,0.314049,0.394534
17473,0,0,0.449062,0.341525,0.209413
17474,0,0,0.797305,0.134959,0.067736
17475,2,2,0.243791,0.267365,0.488844
17476,2,0,0.509406,0.281524,0.20907
17477,2,2,0.015399,0.018938,0.965663
17478,0,2,0.208057,0.252349,0.539595
17479,1,0,0.464297,0.213958,0.321745
17480,0,0,0.481761,0.338496,0.179744
17481,2,2,0.355489,0.222047,0.422464
17482,2,2,0.154721,0.128988,0.716292
17483,2,2,0.281276,0.325794,0.392929
17484,1,0,0.360198,0.308815,0.330986
17485,2,2,0.031745,0.046347,0.921909
17486,2,0,0.463172,0.247028,0.2898
17487,0,2,0.236498,0.294547,0.468956
17488,1,2,0.174424,0.360688,0.464888
17489,2,2,0.342067,0.257899,0.400034
17490,2,2,0.152187,0.22505,0.622762
17491,2,2,0.200563,0.260772,0.538665
17492,2,2,0.016952,0.023834,0.959214
17493,0,0,0.618005,0.276525,0.10547
17494,0,0,0.648242,0.24563,0.106128
17495,2,2,0.089831,0.153819,0.75635
17496,2,2,0.029102,0.078385,0.892512
17497,2,2,0.154898,0.199788,0.645314
17498,0,2,0.326403,0.213486,0.460111
17499,2,2,0.313299,0.187139,0.499562
17500,2,2,0.11442,0.215198,0.670382
17501,0,0,0.554231,0.264966,0.180803
17502,2,2,0.112732,0.174268,0.713
17503,2,2,0.289405,0.317932,0.392663
17504,2,2,0.270198,0.351449,0.378353
17505,0,1,0.192857,0.411177,0.395967
17506,2,2,0.315504,0.252482,0.432014
17507,2,2,0.135939,0.228083,0.635979
17508,2,2,0.06634,0.431294,0.502366
17509,2,2,0.084866,0.183417,0.731718
17510,2,2,0.018892,0.035888,0.94522
17511,2,2,0.026081,0.14163,0.83229
17512,2,2,0.058413,0.106421,0.835166
17513,0,2,0.298807,0.34678,0.354413
17514,0,0,0.5303,0.303879,0.165821
17515,2,2,0.033263,0.089448,0.877289
17516,2,2,0.016272,0.019724,0.964004
17517,2,2,0.093701,0.194291,0.712008
17518,2,2,0.034774,0.268515,0.696711
17519,2,2,0.058885,0.1607,0.780415
17520,2,2,0.12446,0.19883,0.67671
17521,1,2,0.030613,0.14261,0.826777
17522,2,2,0.215967,0.307171,0.476862
17523,2,2,0.085211,0.235068,0.67972
17524,0,0,0.370415,0.284116,0.345469
17525,2,2,0.054787,0.144769,0.800444
17526,2,2,0.058357,0.129426,0.812217
17527,0,2,0.211247,0.238347,0.550407
17528,0,2,0.052463,0.132277,0.81526
17529,2,2,0.067442,0.306388,0.626171
17530,0,2,0.320797,0.235058,0.444145
17531,0,0,0.63302,0.151173,0.215807
17532,2,2,0.248167,0.316097,0.435736
17533,2,2,0.326423,0.28406,0.389517
17534,0,2,0.107032,0.231533,0.661435
17535,2,2,0.32599,0.144714,0.529296
17536,2,0,0.404679,0.303851,0.29147
17537,0,2,0.22174,0.302936,0.475324
17538,2,1,0.35962,0.362548,0.277832
17539,1,2,0.270213,0.312072,0.417715
17540,2,2,0.058983,0.204497,0.736519
17541,0,0,0.50834,0.227677,0.263984
17542,2,2,0.036928,0.239908,0.723164
17543,1,2,0.167891,0.282983,0.549126
17544,1,1,0.327884,0.352048,0.320068
17545,1,2,0.021156,0.095302,0.883542
17546,2,2,0.034331,0.065984,0.899685
17547,2,2,0.131354,0.303773,0.564873
17548,0,0,0.700355,0.210304,0.089341
17549,2,2,0.166199,0.293815,0.539986
17550,2,2,0.033826,0.033775,0.932398
17551,2,0,0.3934,0.314463,0.292137
17552,2,2,0.133924,0.283972,0.582104
17553,1,2,0.07975,0.42464,0.495609
17554,2,2,0.050538,0.101275,0.848187
17555,2,2,0.27673,0.224536,0.498735
17556,2,2,0.106342,0.252812,0.640846
17557,2,2,0.027321,0.194217,0.778462
17558,2,2,0.163058,0.210168,0.626774
17559,2,2,0.125456,0.209834,0.66471
17560,2,2,0.257215,0.307376,0.435409
17561,1,2,0.228829,0.305983,0.465189
17562,0,0,0.648983,0.194367,0.156651
17563,2,0,0.362081,0.278302,0.359617
17564,0,2,0.092112,0.186586,0.721302
17565,0,0,0.864012,0.086232,0.049756
17566,2,0,0.361967,0.310754,0.327279
17567,0,0,0.498344,0.28672,0.214936
17568,2,2,0.021176,0.041771,0.937054
17569,2,2,0.079016,0.228534,0.69245
17570,1,2,0.149813,0.255993,0.594195
17571,1,2,0.190125,0.334169,0.475706
17572,1,2,0.311119,0.27051,0.418371
17573,2,2,0.170369,0.245739,0.583892
17574,0,0,0.449058,0.247644,0.303299
17575,0,0,0.630411,0.194083,0.175506
17576,0,0,0.526687,0.23341,0.239904
17577,2,2,0.337475,0.184497,0.478029
17578,2,2,0.280524,0.193005,0.52647
17579,2,2,0.106675,0.142397,0.750927
17580,1,0,0.415266,0.288148,0.296586
17581,1,1,0.125104,0.484338,0.390558
17582,2,2,0.240986,0.264508,0.494506
17583,2,2,0.205781,0.183915,0.610304
17584,1,2,0.149439,0.190751,0.65981
17585,2,2,0.160012,0.179823,0.660165
17586,2,2,0.025721,0.041737,0.932542
17587,2,2,0.136306,0.222459,0.641235
17588,2,2,0.096633,0.396223,0.507144
17589,1,2,0.054514,0.253611,0.691874
17590,1,1,0.104141,0.456331,0.439528
17591,0,2,0.162651,0.30091,0.536438
17592,0,0,0.78146,0.136388,0.082152
17593,0,1,0.350174,0.357573,0.292253
17594,2,2,0.078937,0.196206,0.724857
17595,0,0,0.938065,0.03924,0.022696
17596,1,2,0.064295,0.327256,0.608449
17597,0,0,0.426557,0.326983,0.24646
17598,1,2,0.139412,0.274184,0.586404
17599,1,2,0.046044,0.116375,0.83758
17600,2,2,0.043855,0.104574,0.851571
17601,2,2,0.273513,0.301578,0.424908
17602,0,2,0.290944,0.281725,0.427331
17603,1,2,0.097302,0.370371,0.532327
17604,0,2,0.096401,0.394141,0.509458
17605,2,2,0.28607,0.161005,0.552925
17606,0,2,0.151195,0.19867,0.650135
17607,2,2,0.196752,0.319124,0.484125
17608,1,2,0.289965,0.306214,0.403821
17609,0,0,0.367266,0.301462,0.331272
17610,2,2,0.12707,0.290238,0.582692
17611,2,0,0.501727,0.336731,0.161541
17612,0,2,0.251708,0.338525,0.409767
17613,0,0,0.532348,0.251093,0.216559
17614,1,2,0.094464,0.339737,0.565799
17615,2,2,0.14119,0.195507,0.663302
17616,0,2,0.089517,0.24156,0.668923
17617,2,2,0.034491,0.172135,0.793374
17618,2,2,0.023165,0.043885,0.93295
17619,0,2,0.267554,0.284271,0.448175
17620,0,2,0.055323,0.315645,0.629032
17621,2,2,0.03189,0.062327,0.905783
17622,2,2,0.231625,0.265391,0.502984
17623,2,2,0.017,0.01753,0.96547
17624,2,2,0.028647,0.201423,0.76993
17625,0,0,0.661372,0.221562,0.117066
17626,1,0,0.714019,0.188514,0.097467
17627,2,2,0.092451,0.238413,0.669136
17628,1,1,0.36104,0.395677,0.243283
17629,2,2,0.273037,0.165157,0.561806
17630,0,0,0.58051,0.218068,0.201422
17631,0,2,0.161834,0.193661,0.644505
17632,0,1,0.284778,0.375415,0.339808
17633,2,2,0.030659,0.121728,0.847612
17634,2,2,0.262155,0.305111,0.432734
17635,1,2,0.037316,0.09696,0.865724
17636,0,0,0.444959,0.364378,0.190663
17637,2,2,0.017406,0.019176,0.963417
17638,1,2,0.021051,0.041503,0.937446
17639,2,2,0.027392,0.080989,0.891619
17640,2,2,0.032616,0.095806,0.871578
17641,2,2,0.073722,0.187993,0.738285
17642,0,2,0.139346,0.211716,0.648938
17643,0,0,0.429146,0.325319,0.245536
17644,2,2,0.211326,0.210763,0.577911
17645,2,2,0.085886,0.231872,0.682243
17646,0,0,0.693115,0.219102,0.087783
17647,1,2,0.06881,0.426521,0.50467
17648,2,2,0.05585,0.175735,0.768415
17649,2,0,0.434327,0.307518,0.258155
17650,0,0,0.450271,0.277456,0.272274
17651,0,0,0.606201,0.23821,0.155589
17652,2,2,0.01559,0.026514,0.957896
17653,1,2,0.083589,0.199334,0.717077
17654,0,0,0.615682,0.240971,0.143347
17655,0,0,0.565696,0.260673,0.173631
17656,2,2,0.051642,0.235804,0.712554
17657,0,0,0.785057,0.167472,0.047471
17658,0,0,0.764735,0.142605,0.09266
17659,1,1,0.245999,0.547536,0.206465
17660,2,2,0.166213,0.365576,0.468211
17661,1,2,0.075964,0.363742,0.560294
17662,1,2,0.294862,0.226987,0.478151
17663,2,2,0.326429,0.234621,0.43895
17664,2,2,0.353884,0.240352,0.405763
17665,2,2,0.065838,0.121195,0.812967
17666,2,2,0.069799,0.170738,0.759463
17667,0,1,0.295639,0.353179,0.351182
17668,0,2,0.111608,0.185532,0.70286
17669,2,2,0.065421,0.132326,0.802253
17670,1,0,0.445634,0.291015,0.26335
17671,1,2,0.26667,0.320458,0.412872
17672,2,2,0.064916,0.260545,0.674539
17673,0,0,0.383711,0.326785,0.289505
17674,1,2,0.045827,0.219836,0.734337
17675,1,2,0.227485,0.27527,0.497245
17676,1,0,0.723365,0.203461,0.073174
17677,2,2,0.039545,0.110494,0.849961
17678,2,2,0.027188,0.144039,0.828773
17679,0,2,0.078966,0.194343,0.726691
17680,2,2,0.070369,0.176729,0.752902
17681,2,2,0.037482,0.216961,0.745557
17682,0,2,0.343317,0.308017,0.348665
17683,0,0,0.943164,0.035048,0.021788
17684,2,2,0.055967,0.119712,0.824321
17685,1,0,0.863209,0.087251,0.04954
17686,2,2,0.027034,0.050154,0.922812
17687,2,2,0.059268,0.253425,0.687307
17688,2,2,0.075529,0.174847,0.749625
17689,0,0,0.843235,0.111015,0.04575
17690,2,2,0.14102,0.267841,0.591139
17691,0,0,0.748089,0.177319,0.074593
17692,0,0,0.461875,0.389226,0.148899
17693,2,2,0.189957,0.33799,0.472052
17694,2,2,0.065168,0.177346,0.757486
17695,1,2,0.299722,0.286024,0.414254
17696,2,2,0.317823,0.275878,0.406299
17697,2,2,0.184989,0.246772,0.568239
17698,2,2,0.059208,0.194261,0.746531
17699,1,0,0.534145,0.194475,0.27138
17700,2,2,0.084759,0.167369,0.747872
17701,1,2,0.107196,0.213237,0.679567
17702,2,2,0.320368,0.323649,0.355984
17703,2,2,0.055423,0.109617,0.83496
17704,1,2,0.291229,0.22743,0.481341
17705,0,0,0.449878,0.328324,0.221797
17706,0,0,0.384782,0.288758,0.32646
17707,1,2,0.062435,0.106982,0.830583
17708,0,0,0.537404,0.214572,0.248024
17709,2,0,0.398184,0.232996,0.36882
17710,2,2,0.019493,0.115213,0.865294
17711,2,2,0.310044,0.253941,0.436015
17712,2,0,0.812302,0.112463,0.075235
17713,2,2,0.142726,0.252618,0.604657
17714,1,2,0.071583,0.445553,0.482864
17715,2,2,0.305617,0.307401,0.386982
17716,0,0,0.463742,0.189168,0.34709
17717,1,0,0.469039,0.244775,0.286186
17718,0,0,0.552313,0.2191,0.228586
17719,2,2,0.136156,0.164572,0.699272
17720,2,2,0.281409,0.283053,0.435538
17721,1,2,0.080065,0.439287,0.480648
17722,2,2,0.324362,0.27993,0.395708
17723,2,2,0.115555,0.23316,0.651285
17724,0,2,0.126374,0.182536,0.69109
17725,1,1,0.089507,0.520005,0.390488
17726,2,2,0.164671,0.279046,0.556284
17727,1,2,0.24758,0.280115,0.472306
17728,1,2,0.08832,0.416965,0.494716
17729,0,0,0.8172,0.122089,0.060711
17730,1,2,0.100059,0.37996,0.519981
17731,2,2,0.035749,0.035601,0.928651
17732,2,2,0.037572,0.042517,0.919911
17733,1,0,0.428411,0.302538,0.269051
17734,1,2,0.045438,0.045184,0.909378
17735,1,2,0.245124,0.271147,0.483729
17736,2,2,0.086401,0.324289,0.589311
17737,2,2,0.202164,0.374882,0.422954
17738,2,2,0.016772,0.016722,0.966506
17739,0,0,0.529269,0.227127,0.243604
17740,1,2,0.088293,0.280535,0.631172
17741,1,2,0.320538,0.297162,0.382299
17742,0,0,0.656562,0.244271,0.099166
17743,2,0,0.621768,0.268648,0.109584
17744,1,0,0.551274,0.26956,0.179167
17745,2,2,0.052646,0.14039,0.806964
17746,0,0,0.92955,0.037418,0.033033
17747,2,0,0.361686,0.296749,0.341565
17748,2,2,0.015671,0.021737,0.962592
17749,2,2,0.103058,0.218904,0.678038
17750,2,2,0.023587,0.025173,0.95124
17751,2,2,0.032309,0.047629,0.920062
17752,0,0,0.939274,0.036371,0.024355
17753,2,2,0.032216,0.043464,0.92432
17754,0,2,0.094311,0.117175,0.788514
17755,0,0,0.61886,0.170828,0.210312
17756,1,2,0.15919,0.272627,0.568184
17757,0,2,0.33415,0.206299,0.459551
17758,0,0,0.572521,0.232927,0.194552
17759,0,0,0.492153,0.251046,0.256802
17760,2,0,0.411342,0.268136,0.320522
17761,1,2,0.29672,0.327591,0.375689
17762,2,0,0.362705,0.309798,0.327498
17763,0,2,0.076475,0.190472,0.733054
17764,2,2,0.021113,0.036069,0.942818
17765,0,1,0.215381,0.40591,0.378709
17766,2,2,0.046793,0.133645,0.819562
17767,2,2,0.088198,0.274109,0.637693
17768,0,2,0.289332,0.326,0.384668
17769,2,2,0.028435,0.100296,0.871269
17770,2,2,0.126973,0.156595,0.716432
17771,2,2,0.181615,0.14256,0.675825
17772,2,2,0.015803,0.02031,0.963887
17773,0,0,0.631598,0.208337,0.160066
17774,2,2,0.056819,0.138165,0.805016
17775,1,0,0.397292,0.292924,0.309784
17776,1,2,0.296033,0.268871,0.435095
17777,2,2,0.020642,0.029463,0.949895
17778,2,2,0.158353,0.183947,0.6577
17779,2,2,0.05616,0.129426,0.814415
17780,1,0,0.577672,0.273654,0.148674
17781,2,2,0.016297,0.020985,0.962718
17782,2,2,0.072288,0.140833,0.786879
17783,2,2,0.029275,0.03011,0.940615
17784,2,0,0.428394,0.202842,0.368764
17785,2,2,0.077708,0.184722,0.73757
17786,2,2,0.080303,0.234129,0.685568
17787,2,2,0.137184,0.230631,0.632185
17788,2,2,0.259368,0.230202,0.51043
17789,1,2,0.271121,0.353107,0.375772
17790,0,2,0.264174,0.327916,0.40791
17791,2,2,0.050994,0.218384,0.730622
17792,0,0,0.504361,0.281416,0.214224
17793,2,2,0.247282,0.22739,0.525328
17794,2,0,0.428839,0.256293,0.314868
17795,2,2,0.041091,0.038599,0.92031
17796,2,2,0.2337,0.218286,0.548014
17797,2,2,0.025261,0.02435,0.950389
17798,2,2,0.104457,0.227036,0.668507
17799,2,2,0.042449,0.044968,0.912583
17800,2,1,0.331177,0.349576,0.319247
17801,0,0,0.739914,0.16673,0.093356
17802,1,2,0.253015,0.252844,0.494141
17803,0,0,0.9077,0.055967,0.036333
17804,1,0,0.550059,0.260961,0.18898
17805,2,2,0.160479,0.143614,0.695907
17806,0,0,0.732321,0.198421,0.069258
17807,1,2,0.033046,0.077686,0.889269
17808,2,2,0.02154,0.099612,0.878848
17809,2,2,0.065316,0.211311,0.723373
17810,2,2,0.316887,0.195389,0.487724
17811,0,2,0.092187,0.251318,0.656495
17812,2,2,0.083686,0.160678,0.755636
17813,2,2,0.017616,0.018969,0.963415
17814,0,2,0.276256,0.317816,0.405928
17815,0,2,0.284882,0.186933,0.528185
17816,0,2,0.266684,0.24752,0.485796
17817,0,0,0.674618,0.194955,0.130427
17818,2,2,0.027591,0.029331,0.943078
17819,1,2,0.161554,0.278269,0.560178
17820,0,0,0.610119,0.258791,0.13109
17821,0,1,0.307679,0.354478,0.337843
17822,2,2,0.038253,0.080546,0.8812
17823,1,2,0.072935,0.169796,0.757269
17824,2,2,0.088564,0.200176,0.711261
17825,2,2,0.036694,0.097016,0.86629
17826,0,0,0.617243,0.247638,0.135118
17827,2,2,0.020379,0.02836,0.951262
17828,0,0,0.722721,0.189585,0.087694
17829,1,0,0.792941,0.153651,0.053407
17830,2,2,0.128592,0.435387,0.436021
17831,0,0,0.728891,0.184579,0.086529
17832,0,2,0.148503,0.178416,0.673082
17833,2,2,0.327402,0.200604,0.471994
17834,2,2,0.215571,0.293578,0.490851
17835,2,2,0.047929,0.126707,0.825364
17836,2,2,0.024291,0.036991,0.938718
17837,0,0,0.605457,0.165779,0.228764
17838,0,0,0.937202,0.040039,0.022759
17839,2,0,0.562994,0.230391,0.206615
17840,1,0,0.666746,0.196893,0.136361
17841,2,2,0.309377,0.232942,0.457681
17842,1,0,0.764179,0.186842,0.048979
17843,1,0,0.436675,0.28193,0.281395
17844,2,2,0.02656,0.07156,0.90188
17845,2,2,0.107985,0.198092,0.693924
17846,1,2,0.051439,0.137666,0.810895
17847,0,0,0.844943,0.09737,0.057688
17848,2,2,0.219166,0.240539,0.540294
17849,1,2,0.042528,0.114325,0.843146
17850,0,0,0.819908,0.109474,0.070618
17851,2,2,0.170965,0.169551,0.659484
17852,2,2,0.22049,0.280584,0.498925
17853,2,2,0.14456,0.174882,0.680558
17854,2,0,0.513696,0.292244,0.19406
17855,0,0,0.811865,0.124549,0.063587
17856,2,0,0.464085,0.296031,0.239884
17857,0,0,0.832212,0.103598,0.06419
17858,0,0,0.800777,0.136552,0.06267
17859,1,0,0.518861,0.191766,0.289373
17860,1,0,0.763234,0.160312,0.076454
17861,1,0,0.721182,0.171421,0.107397
17862,2,0,0.667602,0.184553,0.147845
17863,2,1,0.149723,0.444361,0.405916
17864,1,0,0.5048,0.294241,0.200959
17865,1,0,0.535918,0.303175,0.160907
17866,0,0,0.737251,0.186673,0.076077
17867,0,0,0.662691,0.233028,0.104281
17868,0,0,0.836645,0.105687,0.057667
17869,1,0,0.447334,0.391978,0.160687
17870,0,0,0.616355,0.263426,0.120219
17871,0,0,0.603015,0.222486,0.174499
17872,2,0,0.506982,0.339126,0.153892
17873,0,0,0.789002,0.132115,0.078882
17874,1,2,0.128583,0.23386,0.637556
17875,2,0,0.48954,0.25695,0.25351
17876,0,2,0.151946,0.239,0.609054
17877,0,0,0.781365,0.143497,0.075138
17878,1,0,0.526176,0.280096,0.193727
17879,1,2,0.230118,0.324525,0.445357
17880,1,0,0.658545,0.22193,0.119525
17881,2,2,0.028998,0.099651,0.87135
17882,2,0,0.424081,0.274973,0.300946
17883,2,2,0.042875,0.104158,0.852967
17884,0,0,0.810492,0.131798,0.05771
17885,2,0,0.736315,0.126187,0.137498
17886,0,0,0.904696,0.048593,0.04671
17887,1,0,0.41803,0.290185,0.291784
17888,0,2,0.085986,0.222898,0.691116
17889,2,2,0.045814,0.195613,0.758574
17890,2,0,0.54624,0.271195,0.182565
17891,0,0,0.430559,0.321835,0.247606
17892,2,2,0.119141,0.273079,0.60778
17893,2,2,0.060479,0.228653,0.710867
17894,2,2,0.042486,0.219553,0.737961
17895,0,2,0.321284,0.163397,0.51532
17896,2,2,0.050169,0.105531,0.8443
17897,2,2,0.324212,0.201605,0.474183
17898,2,0,0.382949,0.290757,0.326294
17899,0,0,0.439922,0.267627,0.292451
17900,0,2,0.217082,0.35942,0.423498
17901,1,2,0.178822,0.295593,0.525585
17902,0,0,0.651284,0.204639,0.144077
17903,1,2,0.15444,0.210041,0.635519
17904,0,0,0.52301,0.200598,0.276392
17905,0,0,0.786048,0.156376,0.057576
17906,0,0,0.394675,0.29866,0.306664
17907,0,0,0.498559,0.17719,0.324252
17908,0,2,0.299906,0.211285,0.488809
17909,0,0,0.586566,0.22932,0.184114
17910,1,0,0.441291,0.319162,0.239547
17911,1,2,0.274396,0.289112,0.436493
17912,0,0,0.806028,0.129916,0.064056
17913,0,0,0.508497,0.310572,0.180932
17914,0,1,0.307417,0.3747,0.317883
17915,0,2,0.246645,0.290092,0.463263
17916,1,2,0.216165,0.224842,0.558993
17917,2,2,0.0472,0.085297,0.867503
17918,0,0,0.499113,0.173261,0.327625
17919,0,0,0.839808,0.089418,0.070775
17920,2,2,0.083585,0.11214,0.804275
17921,0,0,0.750569,0.16096,0.088471
17922,2,2,0.321237,0.146056,0.532707
17923,0,0,0.478561,0.135527,0.385912
17924,2,2,0.048626,0.263377,0.687998
17925,2,2,0.279851,0.294131,0.426018
17926,0,2,0.33391,0.161312,0.504779
17927,2,0,0.486126,0.158569,0.355305
17928,0,0,0.385088,0.279512,0.3354
17929,2,2,0.26171,0.322473,0.415817
17930,0,0,0.670534,0.196432,0.133034
17931,1,2,0.30575,0.326303,0.367948
17932,0,0,0.747417,0.186181,0.066402
17933,2,2,0.028306,0.076319,0.895374
17934,0,0,0.346491,0.315839,0.33767
17935,0,0,0.648617,0.20666,0.144723
17936,2,2,0.034652,0.193041,0.772307
17937,2,2,0.032067,0.178631,0.789302
17938,0,0,0.72162,0.179369,0.099011
17939,2,2,0.079682,0.16887,0.751448
17940,1,2,0.063774,0.358622,0.577604
17941,0,2,0.155177,0.30373,0.541093
17942,0,0,0.601323,0.250518,0.148159
17943,0,2,0.146444,0.357451,0.496104
17944,1,2,0.053626,0.175656,0.770718
17945,2,2,0.047088,0.143468,0.809444
17946,2,2,0.096602,0.191315,0.712083
17947,2,0,0.43454,0.392629,0.172831
17948,0,0,0.745623,0.194499,0.059879
17949,0,0,0.756441,0.186764,0.056795
17950,1,0,0.507816,0.332918,0.159266
17951,2,2,0.032103,0.160829,0.807068
17952,2,2,0.040052,0.073349,0.886599
17953,1,2,0.086811,0.177114,0.736074
17954,2,2,0.021164,0.032249,0.946587
17955,1,0,0.70287,0.213261,0.08387
17956,0,0,0.53923,0.324684,0.136087
17957,1,0,0.49758,0.31688,0.185539
17958,2,2,0.032634,0.144577,0.822789
17959,2,2,0.046503,0.261006,0.69249
17960,1,0,0.351426,0.334914,0.31366
17961,0,0,0.844699,0.107458,0.047843
17962,0,0,0.804553,0.140685,0.054763
17963,1,2,0.072598,0.103814,0.823588
17964,1,0,0.733337,0.187417,0.079246
17965,2,2,0.183845,0.334263,0.481892
17966,2,2,0.017298,0.095601,0.887101
17967,1,2,0.070121,0.150336,0.779544
17968,0,0,0.416879,0.278797,0.304324
